6
15 31 2 1
1 12 20
1 13 30
2 4 8
2 6 48
2 9 20
2 10 41
2 12 7
2 15 43
3 6 45
3 13 17
3 14 16
4 8 16
4 13 25
5 11 31
5 13 38
5 14 25
6 8 45
6 9 35
6 10 28
7 10 35
7 15 23
8 10 27
8 11 7
9 12 30
9 15 38
10 13 20
10 14 9
10 15 24
11 14 32
12 14 13
12 15 48
9 10
15 31 2 2
1 12 20
1 13 30
2 4 8
2 6 48
2 9 20
2 10 41
2 12 7
2 15 43
3 6 45
3 13 17
3 14 16
4 8 16
4 13 25
5 11 31
5 13 38
5 14 25
6 8 45
6 9 35
6 10 28
7 10 35
7 15 23
8 10 27
8 11 7
9 12 30
9 15 38
10 13 20
10 14 9
10 15 24
11 14 32
12 14 13
12 15 48
9 10
15 31 2 3
1 12 20
1 13 30
2 4 8
2 6 48
2 9 20
2 10 41
2 12 7
2 15 43
3 6 45
3 13 17
3 14 16
4 8 16
4 13 25
5 11 31
5 13 38
5 14 25
6 8 45
6 9 35
6 10 28
7 10 35
7 15 23
8 10 27
8 11 7
9 12 30
9 15 38
10 13 20
10 14 9
10 15 24
11 14 32
12 14 13
12 15 48
9 10
15 31 2 4
1 12 20
1 13 30
2 4 8
2 6 48
2 9 20
2 10 41
2 12 7
2 15 43
3 6 45
3 13 17
3 14 16
4 8 16
4 13 25
5 11 31
5 13 38
5 14 25
6 8 45
6 9 35
6 10 28
7 10 35
7 15 23
8 10 27
8 11 7
9 12 30
9 15 38
10 13 20
10 14 9
10 15 24
11 14 32
12 14 13
12 15 48
9 10
15 31 2 5
1 12 20
1 13 30
2 4 8
2 6 48
2 9 20
2 10 41
2 12 7
2 15 43
3 6 45
3 13 17
3 14 16
4 8 16
4 13 25
5 11 31
5 13 38
5 14 25
6 8 45
6 9 35
6 10 28
7 10 35
7 15 23
8 10 27
8 11 7
9 12 30
9 15 38
10 13 20
10 14 9
10 15 24
11 14 32
12 14 13
12 15 48
9 10
15 31 2 6
1 12 20
1 13 30
2 4 8
2 6 48
2 9 20
2 10 41
2 12 7
2 15 43
3 6 45
3 13 17
3 14 16
4 8 16
4 13 25
5 11 31
5 13 38
5 14 25
6 8 45
6 9 35
6 10 28
7 10 35
7 15 23
8 10 27
8 11 7
9 12 30
9 15 38
10 13 20
10 14 9
10 15 24
11 14 32
12 14 13
12 15 48
9 10
