3
30 87 3 3
1 3 6
1 4 45
1 5 15
1 9 16
1 11 12
1 19 47
1 22 43
1 25 22
1 27 41
2 8 16
2 10 17
2 14 32
2 17 11
2 23 16
2 29 1
3 8 24
3 14 2
3 29 27
3 30 24
4 9 6
4 17 12
4 18 5
4 28 10
5 7 9
5 12 1
5 13 17
5 18 28
5 22 46
5 25 46
6 15 21
6 16 47
6 20 40
6 21 39
6 22 30
6 24 31
7 10 30
7 15 36
8 10 7
8 11 16
8 21 9
8 30 26
9 11 38
9 13 9
9 15 24
9 20 31
9 23 40
10 18 42
10 19 20
10 24 20
10 28 24
10 29 24
11 19 24
11 27 50
12 21 13
12 26 8
12 29 30
12 30 15
13 17 26
13 18 20
13 24 20
13 29 46
15 19 19
15 23 9
15 25 18
15 26 21
15 30 48
16 17 46
17 20 31
18 20 45
18 21 33
18 28 43
18 30 41
19 20 33
19 29 33
20 24 25
20 26 44
20 28 37
20 30 36
22 25 8
22 26 4
22 27 45
22 28 8
24 29 37
26 28 49
26 29 15
27 29 26
27 30 29
6 24 28
40 117 3 3
1 2 1
1 13 49
1 22 30
1 23 4
1 24 2
1 29 37
1 35 15
1 37 20
2 7 26
2 17 24
2 18 35
2 19 28
2 34 41
3 7 9
3 9 46
3 29 11
3 36 34
4 8 17
4 16 45
4 19 47
4 28 9
4 29 23
4 30 30
5 6 35
5 8 28
5 9 18
5 25 25
5 34 29
6 12 22
6 17 3
6 19 21
6 32 13
6 33 18
6 40 47
7 11 1
7 18 30
7 23 47
7 40 41
8 10 4
8 11 43
8 15 23
8 25 9
8 26 35
8 36 11
8 37 6
8 40 11
9 10 36
9 12 49
9 13 26
9 23 32
9 27 15
9 30 16
9 38 21
9 40 7
10 14 42
10 16 8
10 22 30
10 24 20
10 34 28
10 36 24
10 37 2
10 40 14
11 27 42
11 28 44
11 29 42
11 36 22
12 14 19
12 17 8
12 40 12
13 36 20
13 37 1
14 28 50
14 36 26
14 40 35
15 17 6
15 19 35
15 27 25
15 31 14
16 20 7
16 39 24
17 21 23
17 24 37
18 26 49
18 27 47
18 31 47
18 32 38
18 38 43
19 21 41
19 25 45
19 35 29
20 21 42
20 26 9
20 34 43
21 37 32
22 31 44
23 30 6
23 37 15
24 29 1
24 36 28
25 33 32
25 35 25
25 40 6
27 28 45
27 34 42
28 30 30
28 35 6
29 33 10
29 36 13
29 37 14
30 34 45
31 36 5
31 37 30
32 38 47
32 39 44
32 40 24
34 37 18
34 39 25
25 35 40
50 147 4 3
1 10 33
1 22 14
1 27 31
1 47 7
1 49 3
2 3 1
2 12 28
2 15 27
2 36 37
2 43 2
3 28 49
3 30 30
3 34 50
3 39 33
4 5 7
4 9 38
4 13 11
4 16 19
4 29 47
4 30 12
4 35 44
5 11 31
5 30 33
5 32 50
5 43 23
5 44 15
5 47 20
6 7 6
6 8 22
6 12 4
6 14 20
6 23 26
6 29 13
6 36 41
6 44 27
7 9 18
7 25 24
7 31 40
7 32 30
7 36 8
7 45 44
7 47 41
8 9 10
8 14 32
8 21 29
8 38 40
8 39 3
9 14 7
9 15 27
9 18 9
9 31 34
9 36 36
9 38 36
9 47 38
10 14 40
10 27 35
10 39 32
10 48 21
10 50 8
11 23 42
11 30 49
11 34 13
11 46 1
12 18 48
12 19 2
12 28 13
12 32 5
13 17 15
13 19 48
13 27 22
13 33 46
13 36 22
13 38 39
13 39 49
13 42 24
13 45 21
14 15 42
14 29 6
14 44 14
15 16 43
15 24 24
15 43 24
15 44 45
16 29 41
16 33 28
16 42 46
16 46 45
17 18 39
17 22 8
17 47 5
17 50 1
18 20 41
18 26 46
18 33 7
18 39 46
19 22 21
19 24 27
19 33 1
19 37 40
19 47 38
20 26 19
20 33 4
20 43 36
21 28 6
21 40 22
21 42 3
21 46 26
22 50 17
23 25 35
23 28 41
23 38 50
24 26 33
24 29 43
24 31 7
24 37 26
24 38 32
24 41 26
25 38 35
25 48 36
25 50 30
26 49 36
27 28 46
27 32 29
27 40 10
27 50 50
28 40 6
28 42 43
29 44 33
31 36 25
31 42 17
31 43 9
31 45 9
31 49 8
32 37 30
32 43 38
32 47 24
33 34 27
34 45 14
35 43 35
37 46 43
37 49 4
39 46 34
40 44 14
41 48 26
45 50 3
47 50 36
49 50 48
2 4 13 35
