7
8 11 1 2
1 2 38
1 6 6
2 3 22
3 5 14
3 6 35
3 8 48
4 5 48
5 7 7
6 7 18
6 8 10
7 8 44
5
10 18 1 2
1 2 26
1 3 32
1 5 46
1 6 13
2 5 21
2 7 19
2 8 41
3 4 46
3 6 42
3 7 36
4 6 37
4 8 37
4 9 24
5 9 42
5 10 5
6 8 14
7 10 14
8 9 40
1
12 23 1 2
1 3 24
1 4 20
1 9 39
1 11 28
1 12 46
2 7 45
2 8 41
2 9 14
3 4 25
3 5 25
3 8 43
4 6 39
4 7 42
4 11 49
4 12 35
5 7 47
5 9 5
6 7 30
7 9 26
7 10 34
7 11 13
8 12 11
11 12 44
7
15 31 2 2
1 2 7
1 4 7
1 8 26
1 12 21
1 15 30
2 5 1
2 11 13
2 14 43
3 7 37
3 9 16
3 13 30
3 15 37
4 7 40
4 8 5
4 9 9
4 10 43
4 12 49
5 6 14
5 10 46
6 9 35
7 8 47
7 9 21
7 11 43
8 9 9
8 12 42
8 14 17
11 13 27
12 14 16
12 15 31
13 14 31
13 15 20
6 11
18 38 2 2
1 10 18
1 11 28
1 18 38
2 3 33
2 4 14
2 6 31
2 18 32
3 12 17
3 16 21
4 13 14
4 17 46
5 9 4
5 14 43
5 15 33
5 17 29
5 18 17
6 13 39
6 14 33
6 15 30
7 8 14
7 10 41
7 12 43
7 16 44
7 17 6
8 9 44
8 16 40
8 17 22
9 11 19
9 14 6
9 16 22
10 13 48
10 15 3
10 16 42
11 14 41
11 17 11
12 16 41
13 17 39
16 17 29
2 6
20 47 2 2
1 2 28
1 3 27
1 12 36
1 13 17
1 15 34
1 17 47
2 4 30
2 7 33
2 13 13
2 16 1
3 4 40
3 13 32
3 17 29
3 18 49
4 7 47
5 6 45
5 8 48
5 10 36
5 11 11
5 18 18
6 7 22
6 8 37
6 10 43
6 15 34
6 19 40
7 10 14
7 14 43
8 16 32
8 17 23
8 20 31
9 10 30
9 11 25
9 12 22
10 13 12
10 18 2
10 19 39
10 20 16
11 12 29
12 13 6
13 14 21
13 16 17
14 15 36
14 19 39
16 20 29
17 18 49
18 19 21
18 20 18
14 15
25 60 2 2
1 4 44
1 6 16
1 7 7
1 10 46
1 15 11
1 16 7
2 8 36
2 21 4
3 5 49
3 7 25
3 13 1
3 16 15
3 17 46
4 6 18
4 21 3
5 7 13
5 11 41
5 12 45
5 15 41
5 16 22
5 23 19
6 20 9
7 11 26
7 12 45
7 23 46
8 12 28
8 16 48
8 19 19
8 21 3
9 10 9
9 15 41
9 16 22
10 11 6
10 19 45
11 12 32
11 14 40
11 15 29
11 18 7
11 25 42
12 13 20
12 14 49
12 15 49
13 22 20
14 16 19
14 24 37
15 20 35
15 21 32
16 23 15
16 24 6
16 25 24
17 20 35
18 24 1
19 21 5
19 25 41
20 22 40
20 23 35
20 24 44
22 23 7
22 25 12
23 25 21
15 25
